D’UNE FONC'PION TRANSCENDEN TE.

 

1810 (ἔέ . Ἠ)

4 4

 

 

 

O,1634 5798 0236 6714
Ο,1438 4103 6225 8905.
0,1256 5249 6406 4094
Ο,1088 4129 8189 0281.
0,0933 61871576 7058.
00791735919101875·
0,0662 40313156 7191

0,0545 2996 9410 1826.
Ο,04401423 45801295

050346 6823 2097 53695
0,0264 7028 7960 0997

Ο,019401721658 29025 A

0‚0134 4667 0525 7783·
0,0085 9194 389108355
00048 2690 4108 35965
Ο,00214337 2143 2233-
0‚0005 3555 5908 1018·

 

EQ ΟΟΝῙ QUI-{200 tou-¹

 

u—‹b-tn-A-t'mfflfflt-
mmm-1:01 Oxxx σᾱκΟΟν-«ωω-β-υῑ Oxxl

 

10,7419 260012471413
815609 7130 5777 4381
732815 3950 2157 7574·
6,3698 6003 2023 67085
56586 36313379 8833·
550733 2943 8598 2868-
4⁷5741 5598 0245 5965
451373 4525 4066 0683
3,7475 3976 8610 0944
353942 2719 4454 83035
&0698 8165 1238 3649.
2,7689 1678 6048 6807
24870 5890 5369 90785
212209 5259 1531 8790
Ι,9679 0216 5752 2603.
1,7256 9614 76116013
1,4924 8433 3337 1237·
Ι,2666 8927 5647 2723.
1,0469 4082 8177 7551
08320 2645 9926 3094
0,6208 5249 6389 25815
Ο,4124 1296 8496 1841
052057 6371 5246 24395

 

 

1000(ἷ”ξ4. . ἓ)

 

 

 

