 

 

70 N. O. Dunim,
π =30⁰
1887 v π 1888 ι’ n
Juin 3 ψ o.78 2991 Mai 12 ψ 0.58 3095
4 0.74 30.8 16 0.85 30.7
15 0.79 341 19 0·⁶3 30.1
16 ο.6ο 26.6 1 9 1.17 30.4
17 0.76 30.2 2ο 0.71 30.6
17 1.24 30.3 20 0.88 30.1
18 0.76 30.2 22 ο.53 29.9
19 036 31-2 22 0.85 29.5
19 0.77 30.0 23 0.64 30.0
22 0.81 30.2 24 0.81 30.2
24 ο.5ι 33.8 24 0 65 30·¹
24 ο.6ο 30.3 29 0.84 ²9-9
25 0.27 25.8 Juin 6 0.67 30.0
25 0.53 30.6 6 - 0.86 30.1
29 0.41 29.6 12 0.94 29.9
30 o.72 29·7 13 0.49 30.2
Juillet 1 0·3¹ 28.6 - . 13 0 69 302
2 ο.79 29.6 2ο 1.οι 3ι.5
3 0.80 29.9 21 0.58 303
4 ο.87 29.6 21 0.50 30.0
9 ο.87 29.7 22 0.52 29.5
13 0.67 28.6 22 0.66 29.7
14 0.84 30.1 24 0.70 30.0
20 1⁴07 30.0 ἐ 24 0.95 30.4
22 0.53 30 2 25 0.65 30.0
23 0.69 30.0 26 0 91 30.0
26 0.50 29-,3 26 0.72 30.2
26 0.83 29.8 27 0.66 30.3
27 1,07 29.6 Juillet 16 0 44 29.5
28 0.97 29·9 2ο 0.83 29.6
30 0.48 30.4 20 0.90 29⁴3
30 0.55 30.1 21 0.49 29 7
³1 0-55 30-2 ’ 27 0·37 29·6
A0t1t 4 0.74 30.5 30 0.64 29.9
5 0.77 30.4 Aoslt 1 ‘0.89 304
5 0.71 3ο.2 3 0.69 303
6 0-77 29=9 3 0 77 30·2
6 0 89 30.0 4 0.63 30.3
4 0-45 30·4
1888 7 0.55 3ο.2
Mai 5 0 44 30.4 7 ο.70 30·¹
10 0.59 31.0 1 1 0.8ss 3ο.2
1 1 0.75 30.1 13 0.67 ” 29.9

 

