1889

Mai

Juin

1887

J uin

Juillet

23
24
24
25

1

osmsssmmmm

4

RECHERCHES SUB LA ROTATION DU SOLEIL.

,Γ
4 0.64
063
0.84
0·77
0.56
0.68
0.76
1.20
0.84
0.60
0.61
1 03

4 0.12
4 0.51
4 0.12
-0.11
- 0.48
4 0.75
⁴· 0 54
4 0.46
4 040
4 0.24
4 0.²ss
4 0.51
’θ 0-43
4 1.00
4 0·3¹
4 0.31
4 0·²3
4 0.39
4 0-23
›- 0.41
4 0.66
4 0⁴32
4 0.55
4 0.24
- 0.14
ψ ο.64

71

3094
30-3
29-7
29·7
29-5
30⁴²
30.2
29-3
29-9
30-3
29-7
30.0

Ι599
15.9
16.4
15.3
15.3
15.3
15·2
15·3
148
Ι5-9
15.8
17.1
14-¹
18.1
15.8
¹5-2
14.1
13.1
15.8
16.2
144
14¹
16.1
149
¹45
15.7

71=I50

l

 

 

 

1889
Juin 7

7
8

11
13
14
14
¹5
Ι5
17
18

1887

Juillet 26
²7

28

30

30

31

Aoot 4
5

Oxoxm

1888
Mai 5

10
11
12

19
19
20
20
22
22

23

υ
4 1.01
0.91
0.65
0.63
0·74
0.69
1.02
0·5¹
0.65
0 63
0.52

4 o.60
4 0.18
4 023
4 0⁴31
4 0·¹5
4 0.30
4 0.48
÷ 0.25
4 0.41
4 0.46

4 0.35

4 0.22
4 0.50

4 0.39
÷ 0.20

4 0.47

ψ 0.33
4 0.2ss

4 0.50
4 o.51
4 0.34
4 0.59
4 0.30

4 0.5ss

71

29⁹5
3o.2
29-7
30-5
30.2
30.2
29.8
30.0
30.2
298
297

1499
14.8
¹49
15.4
¹5·1
153
15.0
15.6
15.9
15.0
15.1

15·2
14.7
16.7
15.3
15.9
15.2
15.1
15.0
15.1
14.ss
15.2
15.3
15.0

