 

 

 

 

 

 

 

 

 

 

 

(ι Ι Sin E a {Sin ΕΞ
Ο,01 4,8467 4494 2117 6388 1399 0341 111505 0481 3563 9225. 1151)
Ο,02 4,1536 2860 4388 5390 1,9S ,0,42 1,1272 6667 7782 2489. 1,58
0,Οό 37483149018440619, Ι,97 0,,43 Ι,ΙΟ461661 3213 2111 1³57
0194 3 4696 9479 8957 3313 1396 0144 11032 5 322567 165497- 1156
0395 3 2375 5378 29856738· 1195 ’ 0145 10609 782 45887 42381355
’ 996 3 95534532 9595 7379- 11941 0 46 1039942 95 9461 3087· 1354
097 239913 2832 49269249 1393 0147 10194 0148 4349 0720· 1153
098 71795117 9813 9536 1192 0348 09993 3393 9695 9467- 1352
009 065034297053153 31 Ι,91Ὀ,49 09797216766668293 I,51
0, 10 2,5451 77863530402 8. 1,90 0,50 0 0605 4717 892 97305· 1150
Ο,112,45008367 9492 9565 108'9 1051 019417 93972977 32 55 1149·
01 2,3633 0889 0719 0337 181 10,5;1 O 92 34 46547172 8464 1,48
013 2, 2835233695596533⁵ 1,87 Ο,53 0190521902 784955193· 1147
014 ,20969318857981165 1,86 0,54 0887011366144, 9232. 1,46
0,152,14099871980014421,85 ’ 0 ,55 O 8706 967712 26 9898 1,45
0116 210767 7922 02 90 1565. 1,84 0,56 O 8538341618879824 144
O, 17 2,0164 942 46922 5879 1,ὃό O‚57 0 83731196 329123943 143
018 1959ss 961167687938- nse 953 018211188119547532142
019 1,906009S2 3353 982 7ὅ 181 Ο,59 0305342151 3938 62541 1141
0, 20 18551 18110440 3035, 1,80 0 60 077396 7900 6843 5519- 1 40
O.21 1,8067 5019 1330 4390. 1,79 0,61 077441782422145693 139
0 221 76067309 482 74743 1,73 063 07594 3696 3839 7339· 1‚38
0,2 „3 1 7166 3493 6463135 177 , 063 937447 4285 7775 1139 1 37
O ‚24 1 6,746 0962 2869 8466. 1,76 ¹ Ο,64 017303 22 34 5143 3853 1‚36
0 25 136234 92 63 7831 38553 1375 0165 07101070408970707· 1135
03 20 159559763 5398 5953ν 174 966 012702 71342 551 1431 134
O ,27 1 ,5584 0379 2478 1396 Ι,73 Ο,67 O 6836 2634 0050 5979· 1 33
0, 28 1 ,25 926 0336 1343 0950 1,72 Ο,68 O 6752 2589 8845 11693 1132
O ,29 14881000167016963 Ι,71 Ο,69 03 663 06352 5410 2765 1 31
0 ‚30 145480721 702173581.¹ 1,70 O 70 O 64913304 2102 06563 1 30
0 ,31 1,242 64693 82 945 0025 1 (9 0 ,71 0 6364 2852 82 727 44453 1‚29
0 ,32 1‚3915485917866052 168 O ‚72 03 672 39 4431 38294115· 1,28
0 ‚33 1,3614 4810 9081 94495 1,67 O ,73 0 6116 7496 5894 3478- 1 27
Ο, 34 1,3322 8716 2834 8082 ..5 1,66 Ο,74 05996152754981902 1 26
0,35 130401250117967595 1,65 0,75 058776024 58153221 1 25
O ‚36 1 2765 7537 5664 4796 1⁷64 0,76 057610508 092 50867 1 ‚24
0 37 1,2499 3104 769 3 8949. 1‚63 0 ,77 0 5646 4517 5343 1024. 1 23
0 ‚38 1 ,2240 3836 0395 0228 1 ‚62 0,78 05533 761042381907· 1 22
0 39 1 1988 5936 7109 9256⁵ 1 61 0 ,79 9 5422 9361 4265 7835 1321
0 ,40 1 1743 5900 5619 5487⁵ 1‚6o 0‚80 05313 9361498122193 1320
α ἰΟοεα Z

Hks—1

 

Nova-AwaReg .so‹›.--o.s Upsfr-Sef «πἸΗ

 

..,--. .-.-- - ..η-..2 . .-

