C. F. LINDMAN,

 

Ι)

πι(2 Cos ⁶5⁷)

,A

l}

 

 

ΙΙίΙΙΙΙΙ

ΙΙΙΙΙΙΙΒΙ

 

116678 4383 9425 4973-

1183289373 1637 5575

2,0079 1747 2930 2201
2,ι940 9274 27664190.
2,3928 2557 5081 2952

26058 1344 4022 9905.-, ι

2,8351317819814405
350833 55198535 0821.

353537 3156 9779 5966. J

326504 3933 6997 9342
39789 8083 3405 6860.

4,3468 0825 1287 8923. ι

47643 6979 7626 1397
52469 6775 8942 7577.-1
5,8183 2598 7842 8765
6,518189001692 2879
74219643513342535.
816942 2452 3978 3333
103714 23018983 8577.

 

¹ 0,81

Ο,82
O,S3
O‚84
O,85
0,86
0,87
0338
0,89
O,90
. 0791

 

1 0193

.i 0³94
ἶί 095

‘096

O‚97
O,98

1 Ο,99

 

0³95 18 4998 3534 6470-
0‚9003 4177 3526 9179
Ο,8490 6810 5729 3456.
Ο17989 1431 3599 8479.-ι
0‚7471 6602 6317 0429.
Ο,6965 0914 6824 2645
Ο,6460 2983 0613 1305
Ο,5957 1446 5479 7212
9,5455 4965 1987 7423·
Ο14955 2218 4629 7944
Ο,4456190336101189

π 2 Ο’3958 2732 7184 9596

Ο,346134334481 1813.
Ο,2965 2744 8867 5285
Ο,2469 9417 1427 70155
011975 2209 5142 2385.
O,1480 9888 9068 6374
Ο,0987 1228 2866 3363
059493 5995 1486 6999-

