Nov

 

 

 

D⁷UNE FONCTlON TRANSCENDENTE.
a f L(a) ἶ α Η((ι)
÷ 4-

0,81 2,13619839 260811. i 0,81 1,564997021697 485
Ο,82 2,1156 2947671879 ζὈ,82 Ι,53600281 1387 315
0,83 1 2,0956 5909 9238 32 ¹ Ο,83 1,507546917619 76
0,g4 2,0762 6760 6411 42. J Ο,84 1,4796 0824 7304 84.
Ο,85 1] 2,0574 3632 0812 50 ,0,85 Ι,4521 6664 6258 925
0,86 ’ 2,03914748 6370 65. f Ο,86 1,4252 0284 2807 57
Ο,87 2,0213 8421766 76. Ο,87 Ι,3986 9839 5196 49.
0188 210041 3045 0399 27, , 0183 ff 113726 3564 2503 46,
0189 119873 7090114229. 0189 ’ 113469 9765 8771 37·
Ο,901 19710 9102 144 705 Ο,9Ο 1,3217 68210106 88
0,91 119552 7696494163 1 0191 112969 3171451186
0192 1193991554 410919 γ10,92 112724 7320 4234 03
0³93 119249 9420 4192 52- 0,93 , 112483 7829 0441 88
004 119105 0098 7972 97· 094 ’ 112246 3313 0044 76-
0,95 118964 2450 8015 91 1 0195 . 12012 2439 4493 83-
096 11882753919253 85, 0,96 ἑ 1 1781 3924 0412 981.
Ο,97 Ι,8694 7889 3732 215 ῇὲ Ο,97 1 ,1553 6528 192 2060
098 118565 8959 6976 34 1 098 1 132 8 9056 4514 04,
0,99 1,8440 7666 5928 69. 0,99 1 Ι,1107 0354 0398 65.
1‚00 Ι,83193118835444. ¹ 1,00¹ 1,08879304515180
1,01 Ι,82014468 3622 595 ‘² 1‚01 1‚0671 4827 5620 83.
1‚02 1‚8087 0908 4777 41· 1 1102 110457 5876 8960 74
1,03 Ι,79761672 1822 30 Ι,03 Ι,02461438 2724 48.
1,Ο4 Ι,7868 60306145 15. Ι,04 Ι,0037 0527 5924 36
1,05 1 7764 3291602001 Ι,05 Ο,9830 2189 0988 81

1,06 1 1 7663 2798 3126 06 1‚06 o‚9625 5493 6543 37.
1107 1 1 7565 3928 0013 35, ; 1,07 019422 9537 0949 40·
1,08 1,7470 6090 8581 76 ¹ 1‚08 Ο,9222 3438 6537 885
1‚09 1 7378 872 28 9182 97· 1‚09 0‚9023 6339 4479 30-
1‚10 Ι,72901315088182 1 1‚10 0,882674010233 61

1‚11 Ι,7204.3352 2264 87 1 1,11 Ο,8631 5803 9527 475
1,12 1171214372 310979 1 1112 01843807464807953
Ι,13 Ι,704139356772135 Ἴ 1,13 Ο,82461443 212448.
1114 1169641030 3231003 1114 013055 7123 S392 45

1,15 Ι,6889707131221751 1,15 Ο,78667031899360
1116 116817 9900169050ὅ 1‚16 017679 0423 5669 44
1,17 116748 9784 4396 691 1117 0,7492 6566 4665 19
1,18 1,6682 6417241643. 1,18 0,7307 4738 5082 39
Ι,19 1,6618 95169073 39. 1,19 Ο,7123 42267398 75

1,20 1 ,6557 8826 6850 275 1,20 Ο,6940 4326 2114 20

 

 

aA‹:t.0Rgsc .se.sUp. ..111

 

 

 

