D'UN 1⁴2 FONCTION ΤΚΛΝξϋῐίΝΙΗ-ΖΝΤΕ.

 

 

 

 

 

 

 

 

(ι ἰ Sin Q ¹ (ι l Sin 243
1.61 00476 6391 7688 2163 039 1,81 00111757176009854. (),19
1,62 00452 1390 1090 0092 ’0,38 ³ 1,82 00100 2643 9455 631 ¹.·‚ , 0,18.
Ι,63 010428 3140 8434 2406 ¹ O,37 1,83 00089 4009 6472 16565 ῗ 0‚17
1,64 0040516118724 8772. 0,36 ¹ 1,84 Ἴ 00079 1655 2056 3941. o,16
1‚65 00382 6772 1482 3350 035 1,35 1 00069 5567 77815369 O‚15
1,66 00360 85916570 2540 034 1069 00060 5735 3323 2287. 0,14
Ι,67 00339 704140291385. 033 1,87 00052 2146 6398 7972 0,13
108 00319 2093 3916 7254. ’ 0,32 ξ 1,88 00044 4791 2710 75815 ὲ Oa
109 00299 37206154 6767. 0,31 {J 1,89 00037 3659 5894 4631 0,11
1,7ο 00280 1897 0381 7613 0,3οξ 100 00030 8742 7469 8461. 0,10
1,71 00261 6597 5813 0025 0094 1,91 00025 0032 6797 21595 009
1,72 00243 77981104 8327 0,28 1,92 00019 7522 1037 04815 008
1,73 00226 5475 4226 0288-1 0,27 s Ι,93 00015 1204 5113 7329 007
1,74 00209 9607 2334 28645 006 1,94 00011 1074 1683 2412, 006
1,75 00194 0172 1658 2902ὃ 005 ³ 1,95 00007 71261104 6743. 005
176 050178 7149 7385 1454 ο,24’ 1196 016064635614156676 0‚04
1‚77 00164 0520 3553 0405. 0,23 ἢ· 107 00002 7760 83116213 003
1,78 00150 0265 2949 0207. 0.22 3 108 00001 2337 5128 7376 002
1,79 00136 6366 70117552 0,21 Ι,99 00000 3084 2830 8455 001
1,8Ο 00123 8807 5739 1905 0004
- ‚ —
α α

aeos&

 

 

 

 

lCos-C}

 

