Dum FONCTmN TRANSCENDENTE.

 

 

 

 

 

a L (a) Ἡ a H (a)
÷ 4 -
1,61 ῐ,6366 32731012 09. 1 1,61 0,ο569 2987 2324 83⁵
1‚62 1‚64319722 3312 35 ἢ 1,62 0,0782 0020161487.
Ι 103 Ι»0502 0207 4092 485 s 1‚63 Ο»0998 3080 3737 02·
Ι 1,64 [65785165 9337 60. {1 164 0‚1218 4884 7950 28
1‚65 1‚6659 9265 5228 62 ¹2 1‚65 0‚1442 8373 9280 79.
1‚66 1‚6747 1430 6583 00 1,66 Ο.16716738 8963 24.
1,67 Ι10840 4873 0193 33· ’1 1‚67 0⁷1005 3452 5700 79⁵
1,οὃ Ι,0940 3130 2092 78- 1,οὃ 012144 2305 5387 94.
1‚69 1‚7047 01016287 04 ¹ 1,(59 02388 7447 8634 42.
1,70 Ι’71010102 38540¹ 1 1,70 0‚2030 3437 7595 09-
1,71 157282 7917 7665 6451 1,71 02896 5298 6362 455
1‚72 Ι,7412 88705516 37. ³¹ 1⁵72! 0‚3160 8586 2708 79
1,73 Ι,7551 8900 4606 60. ἶ 1‚73 ¹ 0‚3432 9468 3528 80.
1,74 Ι»7700 4058 7481 12 1 1,74 013713 4819 2284035
1‚75 1278593621615195· J 1‚75 014003 2333 4585 30
1³76 1,8029 4227 0938 72 41 1,76 0,4303 0662 8435 26.
1,77 1,82116041452700. 1 1,77 0‚4013 9582 9654 65
Ι,78 1,8406 9963 0709 46 Ι,78 ¹ O,4937 0197 1938 09ὃ
1,79 148616 8474 334100 J 1,79,, Ο,5273 5188 7084 66
1‚80 Ι»8842 5955 7339 99 1 1,80 015024 9134 7233 11-
1,81 1‚9085 9081 4855 57. , 1‚81 0,5992 8902 2223 83
1‚82 I‘9348 7323 3325 70- Ὗ 1‚82 0,63794151 8813 39ὁ
1‚83 Ι’9033 3599 9017 285 3 1,83 , 0‚6786 7987 5937 45-
1,84 Ι,9942 5125 4341 83 1,84 0,7217 7805 0107 80.
1,85 2,0279 4534341770- 1‚85 = 0³7075 0410 8031 445
1,86 2,064813991872 92 κ’ 1,86 Ο,8164 3570143104.
1‚37 2,1053 4315 8322 98 '2 1,87 0,8688 8032 251292.
1,881 2,1501 3832 1008 64. 1,88 ¹ 0‚9255 05190963 88
1‚89 221000 0063 4457 04 1,89 ' 019870 7911 1544 17·
1‚90 2‚255S 1938 0976 58. , 1,90 Ι,0545 9498 6482 75
1,91 2,3190 0766 3177 65 , 1,91 1 Ι,1293 6550 8881 25
1,92 2,3913 1505 6637 52.Ἰ 1,92 Ι,21317581622453
1,93 2»47525334 351448 ,, 1,93 1130853922 4825 275
1,94 2,57451781849471· ² 194 141915253 0574105
1,95 20948 0302 5285 18 1,95 ³ 1³5507 7237 021393
196 2‚8459 77114200585 1 1,96 Ι,7130 8654 9686 54.
ι,97 3304010321 0228 53⁵ ' 1‚07 Ι»9243 4141 8930 08
1‚98 3-3304 0423 5311 502 ,, 1,98 212257 0009 4912 855

1 ‚99

 

 

328489 2037 7500 25.

 

 

1‚99 2

 

 

2‚7492 0596 7426 28

 

11

