 

D'UNE FONCTION 'l'RAmffljlcx1›1·]x'1'1·:.

15 (a) ξ ,ι ¹ Ηςιι)
4 1 4

1570817 8593 0338 Co. Ἰ Ο,01 1570753 3630 9669 51.
78,54413306 4603 79], ¹ Ο,03 735313 0314 5066 71
533663 3830510001 41003 52646957130133554

0,(54 394278523405300 80 ζ 004 3012520 7973 9099 85

310200 9725 5087 03 ¹ 005 310943 8908 4242 10.

0,06 36,1938 66100359 73. ¹³ Ο,06 26,1540 9103 9873 84.

224550 3278 9009 09- ’ 007 224097 8794 3985 09
196531 9885 8103 89. ,0,03 196004 8088 1596 96

009 1754720 9859 5174 72,-. 009 1754145 0304 7408 09-
Ο,10 Ι5,7395 3366 3673 48 4 0,10 15,6648 5643 0569 68

 

1460370156 8785 12 'om 14.2325 3922044071
13,11587339045151.10,13 Ι3,03831863943133
12,1111334«)886683 10,ῐό 120369 7146 8383 99

0,14 11,3503 31176338515 ’, 0,14 ΙΙ,1595 66767746 57..1

 

1050439975987503· 015 104072 3511 1392 20-

0,16 9,853081519153 84, 0,16 07483 9936 3443115

90707 0072 5937 10 ,017 01005 59294003 33
8,76562231155t552.¹ Ost& 8641888133 585157

Ο,19 3,3085 1695 6878 ,68 j 0,19 3,1853 3366433131
0,30 7,8973 4565 5383 46. -’ 0,3ο 7,767510765187 335

Ν

010

999999999
ὃΗωκι σκω-μωῖἷῖ

 

7,53554735 834300 -0,31 7,3891 5097 8555 07.
741877 5359 8050 88- , 0 2 70447 8502 2389 83.—¹
6=8795 3014 551442 ¹ 0 23 07299 7904 9009 10.
0597181501995 13 024 6,44103713 742020
03370 0357 387281·ῗ 023 01748 53407504 75-
6‚O98169S6053908 ἒ 0,.Ίὸ 5928& 0160 7743 91
58700 4301 175131:¹ 017 547000 4307 2419 31.
56711 0533 700661 , 0,38 5,48846143 0739 96
544799 0309 2310 99. 029 552900 01193390 24·

0,3Ο 5,3016 0538 9618 74 Ο,3Ο 5,1056 3973177353.

5,13496263 995363 ’ Ο,31 40333 9867 0843 01.
459788 8300 3402 725 032 417095 1509 8980 39
4,83340905 3335 58 3 033 4‚6163 2083 0534615

034 40940 9230 4337 92 034 44718 0098 9005 41.

455049 8309 5045 88, 035 43354 0387 1227 00·

0,36 444436 1683 6043 887, 0,36 4,2062 6449 9807 69.
037 453209 97414309 73 037 40838 5390 8301 89

 

401759370 939297- 038 30070 3995 4928 345

 

039 4411392850875197 ξο39 385714409829039.
040 4501557258 7924 59· 1 Ο140 3175193817720204.

 

 

