(J. F. mequ

 

 

 

 

1
b ffrl(2 Cos Q) > l) 71 l 'fg bs
ῃ .-
091 -1- 2,1771 9849 5995 5243-1 {0-01 1592649149 8369 4616
Ο,03 -Ι- 3,1760 5553 1586 0454 0,03 150486 31514889 5830
093 ÷ 2·1740 9659 2391 4957 093 117744 9226 7476 7277
094 ÷ 2-1713 8975 9494 3956 994 108792 6994 4464 3787.-1
Ο,05 4- 3,1678 8665 0845 8435 ἰ0,05 ΙΟ,1686 5319 3009 19315
096 ÷ 2,1636 1256 9497 67563 096 9 59516994 3725 7492
0‚07 4- 3,1585 5655 5605 1493. 0,07 9 1100 41 1 8590 94465
0103 -1- 211527155035214735 ³ 0108 868936975 2090153353
OQ) 4- 2,1460871017681385. 0,09 3518443 9974174756
0,10 4- 3,15866780 3569 3473.) 10,10 79863 13 65 6 87189.
Ο,11 4- 3,15045586601460153 ’ἶ- 0,11 76854 3603 5965 8436
Ο,1 4- 2,13144113540978;)1 O,1 7,4105805195504554.
Ο,15 4- 3,1116 3498 5705 9679 Oa„ 7,1574965316397901
0,14 4- 2,1010 0040 5955 50885 1Ο,14 69339 3615 1339 3889
0115 -1- 3,0895618987911107 0115 07042 9394325007111
0110 ÷ 20773 0351 8815 9924. 9,16 04995 2375 9899 3656,
O,17 4- 3,0643188590084580. 0,17 6,5069 1757 0758 74515
018 4 295939994 9365 5561918 01259 6793 5173 8144
099 4 2935542 439799 993 6- 1 0,19 59527 96996495 9929-
02⁰0 ψ 2 9199 3534 774185913 999 578919713 9566 28151
Ο,31 4-3 ,0054713 35865 8058 110,31 ,1565514745 30504551
Ο.33 4- 1958614105 5750 0345, 1 Ο.33 5,4841854557941981,.1
0,23 ÷ 19679351619697393· 993 “ 5,3415 8631 7973 9233
0,24 4- 19488 4349 9756 38953 994 59947 9652 3944 8622
Ο,35 4- 19388 5491 5600 3409. 0,35 5,0755 3945 8598 3868,
Ο,36 -ι- Ι,9079 5833 1050 78965 0,36 49467 5676 5685 4084
Ο,37 4- 1,8861411534671839. 0,37 48346 9789 6550 4315
Ο,38 4- 18655 9085 5513 4534. 0,38 4170681584 7978 3994
Ο,39 4- 18596 9565 5360 7996. Ο,39 4,5938 0134 3888 7608
0³30 -1- 113150 3521 0717 0715· 0,30 4143231 8747 3372 40505
Ο,51 4- 1,78940039 6543 6375 0,31 4,3753 3666 39179768.
0,53 4- 1,7637 7384 1755 7604. O,32 4,3715 9636158151155
0133 -i— 1,7351 3587 5039 20343 0133 471703 9417 4582 20305
9,34 -1- Ι,7964 7147 4757 5425 9,34 497213631 2838 6581-
9535 ÷ 1‚6767607166846128. 0‚35 30704 5459116 7975,
Ο,56 4- 16459 8561 7784 4558. Ο,56 3 8851946810051156
9,37 ÷ 19141 1997 5232 2518 9,37 3 792 2 1535 862 29 1978 ⁵
O,38 -}- ῐ,5811 4480 0583 7843 Ο,38 3.705586361334 59085
O‚39 4.- 1‚5470 3724 7173 2618 039 3,6165 87161574926125
0³40 4- 1,5117 7153 4427 78693 9,49 35317 9688 2169 6461

 

 

 

 

 

