C. F. memm

 

 

 

 

LQz‘) ¹ a H(a)
O‚41 3.92213S2S 7934 58. ¹¹ Ο.41 36516 3228 810611.
Ο,421 3,.8332 7512483881 550,425 3.555S7585 3716 26.
0145 317480 0510 5580 75. 5 0145 314045 5052 0178 22
0144 510080 1052 0487 08-1 1 0«44 1 315707 0000 2002 74-
0145 315910 7487 4127 50 .¹¹ 045 ¹ 31292ὅ 5923 2251 59-
Ο,46 3.5175 9090 0605 87 1„ Ο,46 1 312123 8874 8403 23.

314475 4770 5520 2). 1 0147 31155154118017 72.-,
515801 4507 7750 5011 0148 1 510008 0515 0000 84
315157 0452 0521 OS· {f 0140 2108048010140050-
3125412923399351-10150 , 219207 2423 3500 24·
5110400150180450,-,1 0151 ³ 2-8544 0785 5758 15
311382 3602 5674 40 ¹ Ο,52 2,7925 6558 2069 51.
310837 2965 4403 69 5 Ο,53 2,72888291966943
310515 4857 7200 00 ’10154 210002 0520 5110 045
2,980,>7742087087 11035ἁ 21611687161115435
2,9325 10242822 22. ¹ (),56 ? 2155595118 7917 74
2315554731 0843 21 10571 2150108754107540.
2,8408 9795 6036 29 10153 214497 0323 7359 941,
2»7975 7479 2130 81 ¹ 0159 21399011557493 82

217557 0810 2800 04 5 0100 215408 5152 8004 48-
2271549332047699-0261 213020 8745 1219435
26765 9020 0673 21 5 Ο,62 2,2557 0847 0168 80.
2,63903333 704616. 0631 2.210628192563 52.

216027 3136 2464 45. 10164 211007 8433 6515 94
215676 5672 23704154065 2,12411841423696.
215557 4558 0058 84. ]= 0100 210825 7544 5575 75
2,5009 4658 9170 99, ,1 067 5 20421 0368 5350 98.
’44692 1258 5848 35 O.6S ¹ 20026 5440 3817 06.
2,4384 9843 9698 26 Ἰ069 ¹ Ι,96418164 7915 96.
244087 61819992 31 ¹O.70 Ι,92664205123469.
2,3799 6282 0152 52. 1071 1,8899 9464 882182
2,3520 6379 0585 605 ¹ Ο,72 1,8542 0070 9222 08
2’3250 29185305 29- 40173 ³ Ι13192 2353 0207 43
2,2988 2542 1040 70. ξ 0174 117350 2354 7321 19
2‚2734 2074 7007 83, 10,75 1,75158270281047.
,2487 85128923 64. 5056 Ι.7188 5482 600471.
,2248 9013 2470 56. 5O,77 1,686S 1527 2106 40
-20170582 8474 08. 11 0178 110554 5580 0815 41.
2,1792 1569 5948 10 5 Ο,79 Ι,6246 8982 6613 37,-Ι
211575 8055 0172 04- 10180. Ι15045 5104 1080 70·

10 ¹0 'Q

 

 

