C. F. LINDMAN,

 

 

m

’ᾗ m

1 πι2οοεῄῈζγ.ἰέ)

24 2

 

 

Ekooexl Ocu-boam.-

 

34197 9679 8759 7816· ’
, 21727Ι 8517 4107 9374

J 2,322612914282 9712. 1
¹ 2,0361813656912154 1
1 1,8146465513931938.1
2 1,6342 9263 7831 38553
1,48246935 74189810 1
, 1,3516 2612 9022 3537. ,
1 112368 93191795 6379 ‹
1,1349 4604 1359 0268. ’

1,04341399 21601104

2 Ο,9665 4717 8929 7365- ι
08850 1730 8677 384153 ⁶ ¹
, 68157924648191354, 1
0,752055210807 84655 ;
’ Ο,6931 4718 6559 9453 ’
3 0,6385 3049 8512 3020.

0,5877 6024 5815 8221

0,54046438 2914 2763 1 2 ¹¹

O,4963 2883 0209 26405
0,4550 8619 4840 4113

¹0,4165 0712 4756 8842 ¹
0‚3803 9358 87419772 ³
Ο»3465 7359 6279 9726, 2 1
10,3148 9696 39611914.

012852 3199 9694 1446

0,2574 6270 7377 8242ὃῖ 2

0,2314 8658 2448 2182

0,20721276 7055 85153 ’

0,1845 6052 6654 31065

 

 

r† 2,1708 5248 8124 5428
÷ 2‚1505 9376 2495 31833
-ῡ- 24166 3378 4674 9235-
÷ 2,0686 7262 7033 03415-
1 -Ι- 2,6662 7513 9664 6964·
1 -Ι- 19288 5491 5600 2409.
÷ 1183565166 7565 7754
1-1- Ι,7256961476116013
ξ ÷ 1,5977 7269 5623 7566-
¹ -1- 14563 4954 3479 6718-
’ -1- Ι,28156333 54957512
-4- Ῑ,0887 9304 5151 8011.
’ -1- 018696 9636 6999 5671
ζ-Ι- 0,6183 2308 3553 3624.

3 ÷ 023310 82819976 4843
- 0,0000 0000 0000 0000

'— 0,3853 015240261036
— 0‚8400 6187 0448 4398
- Ιι3879 5205 5450 7340·
- 2,0686 7262 7033 0342.
- 29566 9565 4523 3633-
- 4,2192 6632 9528 3525
- 6,3901 1881 7652 8953

 

 

 

[00SQELV.ZL)

24 4

 

