14

C. F. LINDMAN,

 

 

 

 

 

m L < m ) ” m 3 H (Q)
24 24
· ÷
1 37‚7080 8625 7763 29. ¹ Ι 37,68116532046712
’ 1858675 2091 8432 465 2 188136 4440 2034 66.
1255935 5863 3158 61· 1 3 12-512457041377555
954608 3792 4163 69 4 953528 0647 7870 97-
7,5850 2000 231982 1 5 754497 1798 9332515
ξ83376 0357 3872 81. 6 651748 5346 7504 75-
514493 2705 975509 7 55258913393203155
457855 6924 9027 525 8 45672 3722 8843 44
452715 4961 3005 08 9 4,0250 0345 0478 29
3,8624 0852 7396 44. 1 ΙΟ 355873 0946 1936 075
355296 0747 2068 665 ἶ 11 3,2255 7145 4832 28.
3525412923 3998 51. ’ 1 2,9207 2423 3506 24.

 

350228 1658 7405 58 J

2‚8262 8022 8608 55.

256576 4366 5202 58. j
255117 5891 3327 50 1
253846 9916 5579 84. q
252734 2074 7667 83- 1]

251755 3202 8364 895

250891 3188 9664 93. ’ἦ 2

270126 9461909102.

1,9449 8651247901. ¹}

Ι,8850 0460 8357 07

158319 3118 8354 44· 2
Ι57850 9974 0484 365 1 2
Ι57439 6944 0663 91· ᾖ
1570810612 4745 34. 1
1567716836 3244 29 ¹
1‚6508 9771613569. ’
156291 1260 5574 67 3 2

1561170555135771-

1,5986 4381 1363 40 ξ
1,5899 7380 3621 56 ’
1,5858 3011 8970 275 j

 

Ηὺ-εῠ-εμη
ΟΝυι-τ-ιωοι.)

›-‹
Χῖ

18

5..
Ὁ

Ῑ55804 5055 7358 865‘ ⁶

1559219959 7577 025 1
156036 0433 5451 87- 2
156214 0977 6139 63 1

156466 65631408 83.

 

1 ‚6808 67061424 885

 

ιιι4444444444444444444444444444444444444

2,6595 5947 1038 88.
2,4326 3316459961.
252330 0997 8547 06.
2505547831551594-
158960 4226 1515 92
157515 8270 281047.
1,6196 2525 3932 655
Ι’49817757 227115·
Ι,385612881566645
152805 8494 2363 27.
1518196482 6268 935
150887 9304515180
150002 4262 410155
059155 9003 0374 97
058341 9174 0543 57
057554 6480 1355 32-
056788 7011 1054 305
056038 9737 2972 39-
0,5300 5078 1795 24.
054568 3450 4152 54
053837 3689 7985 49·
0,31021214 2545 65.
052356 5744 5420 39
051593 83105233 44
0,0805 7115073561.
0,0017 8452 2206 975
Ο,0889 6881 3975 205
051826 8948 9153 74·

