10

(J. F. L1NDMAN,

 

L (a)

H ((1)

 

 

 

÷

1‚64994114 5025 54 ζ

1,(3443 5172 7936 49

1,(53901818 3872 66-

1,6339 3892 4606 84
Ι,6291 1260 5574 67

1‚6245 3812 6717145
1,6202 1463 4004 653
1,61614152 166505·

1,612318435142 77

175087 4527 482100. ,

1,6054 2220 0543 75

Ι,6023 4963 6980 95·
Ι’5995 2827 9335 29·
Ι,5969 5910 3297 095, '³

1,5946 4336 7760 62

1,5925 8262 9623 99.
1,5907 7875 1504 32 ,
1‚5892 33914010 32.
1,5879 5062 8826 28. ¹
¹‚5869 3175 3275 21·

1‚5861 8050 6493 67

1,58570048 7368 20.
1,5854 9569 4402 77-

1,5855 7054 7708 89

1,5859 2991 3335 50·

1‚5865 7913 0184 71

1,5875 2403 9793 32⁵
1‚5887 7101929813.
1,5903 2701 7947 98· ’
1‚59219959 7577 025 “
Ι,5943 9697 7513 59-

1,5969 2808 4469 11

1,5998 0260 8033 43.
1,6030 3106 2498 485
1,6066 2485 5845 71·

1,6105 9636 6865 43

1,6149 5903 1534 985
1‚6197 2743 9969 98·

16249 1744 5487 97
1‚6305 4628 7592 80⁵

1,21
‚22 , -1- 06577 3572 3282 94
1‚23
I‚24
1,25
Ι,26
1,27
1,28
1 Ι’29
1,30
1,31
1‚32
1³33
¹³34 ;
1 1‚35 ;
I,36
I,37=
1,38
¹³39
I‚4O
I‚4I
I,42

Ι’55

 

 

 

-ξ- Ο,6758 4338 848193

-1- 06397 1338 9601 99·
-1- 0,6217 6954 5561 955

, —11- 0‚6038 9737 2972 39·

-1- 0,5860 9006 5846 375
-1- 0‚5683 4081 8738 09
-f- O,5506 42814850 893
-f- Ο,5329 8921 3863 18
3- 0,5153 7313 9415 96
-1- 0‚4977 8766 6202 34
-1- 64302 2580 6594 785
-ἦ- Ο,4626 8049 6741 03
4- 0,4451 4458 2053 33
4- 0,4276 1080 2013 44
4- 0‚4100 7177 4193 07
-1- 0,39251997 741Ῑ 72
-1- 013749 4773 3905 64-
4 053573 4719 0401 38
-1- 0³3397 1029 7959 48·
-ὶ- o‚3220 2879 0443 59·
-1- 0,3042 9416 1453 62
-1- 0,2864 9763 9542 3¹⁵
-1- 0‚2686 3016151319-
-1- 02506 8234 3572 94-
-Ι- 0,2326 4445 0082 72
-1- 02145 0635 9619 8¹⁵
4- 0,1962 5752 8023 065

¹ -Ι- 0,1778 8694 0851 39

-1- 0,1593 83105233 44
÷ 0‚1407 3392 9426 79

, 2 -ι- 0,121926741535 595

4- 0‚1029 4819 4754 Ῑ4·
-f- 0,0837 8420 9607 92.
4- 0,0644 1990 1951 625
-1- 00448 3950 2949 975
-f- 0,0250 2626 9909 72

÷ 0‚0049 6238 6643 40-
- 00153 7114 8178 995
- 0,0359 9464 6503 105

