C. F. mem,

 

l Sin Η

l Sin E

 

 

 

 

 

 

 

 

 

 

 

 

 

081 05206 7217 0786 4555 1,19 1,21 O‚2062 7604 8976 2629. 079
082 051012549 3371 3440. 1,18 ,ι Ι,22 02007 0993 04901395. 078
083 04997 4993 4013 5970 1·17 1·23 01952 3590 8355 9885, 0·77
084 04895 4197 9904 4047· 1·10 Ι·24 01898 5315 911000885 070
085 0·4794982418095398.-, 1·15 125 01845 0052 0054 31005 075
080 04090154544581894 1,14 ’ 1·20 01793 5712 Ι435 5958 074
087 04598 9040 7374 0154.-, 1·13 1·27 01742 42019057 1501· 073
088 04503 2024 0824 98925 Ι,12 Ι Ι,28 016921432 2522 5982. 072
089 0214090184 0570 3954 I³11 ¹ 1·29 01642 7315 5509 9539· 0³71
099 04310 3243 3245 0945 1·19 1,30 01594 1700 7074 0149 070
091 04225 0928 1942 6721 1,09Γ 1,31 01546 4703 0979 8891. 069
092 04135 2974 2040 5090. Ι,08 Ι 1,32 01499 6043 9653 9865 068
993 04040 91257251 9995· 197 t 1,33 01453 5710 9572 1312- 007
094 03959 9135 5885 0481 190 , 1,34 01408 3027 7002 7837 000
095 03874 2704 7312 5014· 195 3} 1,35 ³ 01303 9720 1330 8890· 005
096 03789 97818610 2516 1,04 1, 1,36 ¹ 01320 3915 7939 1582. 064
097 03706 9963 1383 28515 Ι,03 1,37 01277 6144 42204281 063
098 03025 3091 8749 8093· 1‚02 1238 01235 0337 5830 2203· 002
099 03544 8958 2480 2893. 1701 1‚39 01194 4428 6828 6279. 061
1,00 03465 73590279 97265 1,00 1,40 011540352 92167353. 060
1191 03387 8097 3208 39305 099 1·41 01114 4047 2484 7984 059
1,02 033119982 3225 7436 098 . 1242 01075 54503177 4581 058
1,03 03235 5829 0859 9013 097 1243 0,1037 4502 44752945· Ο157
1‚04 031612458 2986 7418 096 1,44 01000 1145 5792 06435 056
1,05 03088 0696 0717 2900 095 , 1545 010963 5323 2386 9968 055
1·Οο 03010 0373 7385 0553 094 ’ 1·40 00927 0980 4991 55255 054
1·07 02945 1327 0032 9835 093 1·47 00892 0003 9459 0814· 053
198 02875 3399 0575 8394 092 148 00858 25210373 8407 052
1 ‚09 02806 6433 8072 9043.) 091 1,49 00824 6303 0807 8634 Ο,51“
1·10 02739 0282 3054 0413 0190 1150 Ο10791735919101875- 0150
1,11 02072 4799 2938 5700· 089 1 1·51 00759 5042 2042 9853· Ο-49
, 2 02606 9843 71201015. 088 J 1‚52 0072811059475 1503. 048
1·13 02542 5278 5520 2103 087 ᾖ 1·53 00097 3705 2095 9214-ἶ 047
1,14 02479 0970 7290 5880 080 ” 1154 00007 3390 31391450- 040
Ι,15 02416 6790 9072 1668. 085 1,55 006380136 7917 7900. 045
1116 02355 2613 4572 2660 084 1‚56 00609 3885 4168 3849. 044
1,17 02294 8316 25166023. 083 1,57 0105814602 1804 9236· 0543
1,Ῑὸ 02235 3780 5913 4785 0,82 1,58 00554 2248 26821011. 042
1,Ῑ9 02176 88910863 4990 081 ,59 00527 6786 0367 3668 041
1,20 0,2119 3535 5500 3419. 080 1,60 005018178 99216185. 040
l Cos ξ α lCos {Z α

