Nova

D'UNE Foxc‘swN 'fRANscENDEN'ru

 

0,76
Ο577
0,78

0179
0,80

Acta Reg‚ Soc. Se. Ups.

 

,443 005 (ἐξ)

u

÷ 1·4753 2136 1446 2370

x 2 -Ι- 14376589163039703. ³
³ ÷ 1,3937 5477 5389 7867.
÷ Ι»3585 7779 54447507-
5131709499359952085
2742 7141 73532105-
” -1-13300700046376031.
21-1518445142 2773 3171·
-Ι- Ι1ῐ373 739021261909·
-ff- Ι,0887 9304 5151 801 1.
-ff- Ι,038661619359 87353 4
24- 09869 3933 7631 0786. ,”
-ἱ- 019335 4255 5770 07355
—ff- 08784 4409 0668 35685

-†- 1,

-f- 0,8315 7380 8969 7364

÷ Ο’7628 6332 9965 02945
. 0 57

-ὶ- Ο,7033 4563 8565 5333
-1- Ο,6396 4460 36131333

-Ι- 05749 7958 7919 3191·
4- 0,508163813314O722·
÷ 04391 0378 6556 7626..
, 2 ÷ 09676 98600373 5963
v 4- Ο,3938 3914 5818 3678
4- 0121740721 7727 9986
. · ΔΓ 04382 7449 4033 358}- Ἰ
- Ο,0386 6440 0381 72ζ9.) r

-ξ- 0,0563 0136 6978

— O‚1167 8933 39513366

- 012082 55496159 8433
- 0,3033 6367 63901845

- 014020 3473 7057 8294 ·
—— 0,5048 1304 0057 6817.

— O,61 18 6973 4613 9664

- 017235 0679 8277 4726·

-2 0,8400 6187 0448 4398

— 0,96191407 3135 3030.

— Ῑ,0894 9107 1292 4734
— 1-2232 7770 3764 9950

— 1‚3638 2662 33536836.
- Ι,5117 7153 4427 78695

Ser. 111.

l)

1 Ο. ¹
ἵ 142 313672978491194894·

043

0,,46

Ο,48
0149

 

0,50
0,51
0,53
0155
ον54

0555
0,56

0,58

0,60
0,61
0,63
0,63
0,64

0,66

0,69
0,70
0,71

0⁷74
0³75
0,76
0 77
O‚78

0 79
0‚80

 

 

, 0144 5
0245 50

059.

0,67 ,
ἶ 0,68

 

ὄπ

πίῃς-

314486 4234 7736 3421.

3,3875 8433 3166 0434.
3120941873 74950195

3ῐ32 7 2355415842 30
3 0574 262 3 32 53 2037

29834 58803742 0197·
29107 5747 38816825
3,8393 6338 36110318.
3,7689 1678 6048 6807
216996 6777 4923 54845
3631465019338 36335
215642 6103 7667 39635
3,49801088 7081 1493
24326 7197 2974 4447·
3,3683 0387 5580 1141.
3,3045681917413606

3,3417 3839 0318 6390

21796 4967 9819 3303-
3,1183 9888 7008 1560
29576 4434 5405 7636
19976 5579 2702 47085
19383 0427 6224 8442.-1
1,8795 6306 5687 0870
1,8314 0357 3543 3310
Ι,7638 0027 5320 9943.-ἱ
1,7067 3065 0410 3379
116501 7010 7779 5247-
Ι55940959312ῐ2 7914]
1,5384 8633 36513541.
1,4833 1985 0383 3037.

,23 1,4385 76400056 4353.
0»73 ,

1,3742 3613 0336 9193
153202 7992 9414 2540
Ι,3666 8937 5647 3733
1,3134 4620 0009 1879.
1‚1605 3335 0839 1481
1.1079 3346 0616 4993.
1,0556 3031 4590 6868
1,003607731113 71475

