RECHERGHES SUB LA ROTATION DU SOLEIL. ()9

1887 ι· π 1888 1· 71
Juillet 28 4 1.04 44ῗὸ Juillet 16 4 0.59 4496
30 1.20 45.ο 2ο 133 44.8
30 1.24 446 , 2ο 1.11 45.5
31 0.59 45.2 21 132 46.8
Aofit 4 1.63 455 27 0.77 46.0
5 0·97 45-2 30 0-89 45·1
5 1.25 44.8 Aofit 1 138 44.8
6 0.95 453 3 1.02 45‚1
6 1.28 446 3 1.οο 44.9
4 1.16 453
1888 4 0-96 454
Mai 5 0.87 45.5 ¹ 7 1.26 45-¹
10 1.32 45.1 7 1.32 442
11 1.46 45.ο 11 1.06 449
12 1.40 44.8 12 ο.73 45.5
16 1.12 453 3 13 1.07 449
16 1.26 449 · 20 1.09 44.8
¹9 1-34 449 ί

19 1.42 45.1 ἰ 1889
20 1.42 - 45.1 ἱ Mai 23 1⁴28 44.8
20 1.οὸ 449 24 1.19 449
22 1.48 4466 24 1.26 45.1
22 1.16 44.6 , 25 1.06 447
23 1.53 449 Juin 1 1.14 44,6
24 1.21 45.0 2 1.19 44.8
24 1.45 453 ἱ 2 1.01 449
29 1.29 44.9 ,Ι 3 1.12 46.7
Juin 6 ¹·45 45.0 1 3 ν 1.ο7 45.0
6 1·²3 45.0 ¹ 4 1.00 45·2
12 ¹·39 44.8 ᾗ 5 1.16 449
13 ο.88 45.0 ³ 6 1.28 45.0
13 1.30 45.2 7 1.30 446
20 0.87 45.6 7 ¹·30 44.8
21 093 45³ 8 1.42 451
21 0.9x 45.2 11 1.21 45.4
22 1.17 η 445 13 1.31 44.7
22 1.24 445 14 1.00 45.1
24 1.12 44.9 ι 14 1.62 453
²4 1.34 45.0 ⁴ ¹5 ¹·03 44.8
²5 1.20 45.2 Ῑ 15 1.19 45.3
26 1.09 449 ζ 17 1.25 45.4
27 1.10 45.0 Ι 17 1.47 45.4
27 0.ὃὸ 45.0 ι 18 ο.81 45.2

 

